37 4
2  
15 
9  
7  
3  
5  
1  
-----
a  b

2  37
15 4
9  
7  
3  
5  
1  
-----
a  b

15 2
9  37
7  4
3  
5  
1  
-----
a  b

9  15
7  2
3  37
5  4
1  
-----
a  b

9  15
7  2
3  37
5  4
1  
-----
a  b

7  2
9  37
3  4
5  15
1  
-----
a  b

9  37
3  4
5  15
1  2
7  
-----
a  b

3  4
9  15
5  2
1  37
7  
-----
a  b

9  15
5  4
1  2
7  37
3  
-----
a  b

5  4
9  2
1  37
7  15
3  
-----
a  b

9  2
1  37
7  15
3  4
5  
-----
a  b

1  37
7  15
3  4
5  2
9  
-----
a  b

7  37
3  15
5  4
9  2
1  
-----
a  b

3  37
7  15
5  4
9  2
1  
-----
a  b

7  37
5  15
9  4
1  2
3  
-----
a  b

5  37
7  15
9  4
1  2
3  
-----
a  b

7  37
9  15
1  4
3  2
5  
-----
a  b

9  37
1  15
3  4
5  2
7  
-----
a  b

1  37
3  15
5  4
7  2
9  
-----
a  b

37 15
1  4
3  2
5  
7  
9  
-----
a  b

1  15
3  4
5  2
7  
9  
37 
-----
a  b

15 4
1  2
3  
5  
7  
9  
37 
-----
a  b

1  4
15 2
3  
5  
7  
9  
37 
-----
a  b

15 4
3  2
5  
7  
9  
37 
1  
-----
a  b

3  4
15 2
5  
7  
9  
37 
1  
-----
a  b

15 4
5  2
7  
9  
37 
1  
3  
-----
a  b

5  4
15 2
7  
9  
37 
1  
3  
-----
a  b

15 4
7  2
9  
37 
1  
3  
5  
-----
a  b

7  4
15 2
9  
37 
1  
3  
5  
-----
a  b

15 4
9  2
37 
1  
3  
5  
7  
-----
a  b

9  4
15 2
37 
1  
3  
5  
7  
-----
a  b

15 4
37 2
1  
3  
5  
7  
9  
-----
a  b

37 4
1  2
3  
5  
7  
9  
15 
-----
a  b

1  4
3  2
5  
7  
9  
15 
37 
-----
a  b

4  2
1  
3  
5  
7  
9  
15 
37 
-----
a  b

2  
4  
1  
3  
5  
7  
9  
15 
37 
-----
a  b

4  
1  
3  
5  
7  
9  
15 
37 
2  
-----
a  b

1  
3  
5  
7  
9  
15 
37 
2  
4  
-----
a  b

1  
3  
5  
7  
9  
15 
37 
2  
4  
-----
a  b

4  
1  
3  
5  
7  
9  
15 
37 
2  
-----
a  b

4  
1  
3  
5  
7  
9  
15 
37 
2  
-----
a  b

1  
4  
3  
5  
7  
9  
15 
37 
2  
-----
a  b

4  
3  
5  
7  
9  
15 
37 
2  
1  
-----
a  b

4  
3  
5  
7  
9  
15 
37 
2  
1  
-----
a  b

3  
4  
5  
7  
9  
15 
37 
2  
1  
-----
a  b

1  
3  
4  
5  
7  
9  
15 
37 
2  
-----
a  b

1  
3  
4  
5  
7  
9  
15 
37 
2  
-----
a  b

2  
1  
3  
4  
5  
7  
9  
15 
37 
-----
a  b

2  
1  
3  
4  
5  
7  
9  
15 
37 
-----
a  b

1  
2  
3  
4  
5  
7  
9  
15 
37 
-----
a  b